NC356,1.9926945407496,-2.00000000000002,0.607370054317396,-0.0350206825626025,0.965893129572563,0.487535776785404,0.0939929257771842,0.01801195809754,1.02018321280912,0.369063728711196,0.358412142220178,-0.278210076840521,0.860304628562506,-0.0855646347902612,0.485958734220821,-0.143537976906886,0.190595951709974,-0.119468430256748,0.603094749557592,0.101406597633944,-0.27031962467354,-0.551777188026913,-0.750164951176114,0.108170590826222,-0.188690644088182,0.304347350778568,0.189128935370826,-0.0841080971392529,-0.129318397105305,-0.0859418675631867,0.146124399257564,0.638989495770067,-0.353069824889536,-0.624803165651992,-0.722915122676463,-0.357098880478117,0.551492449828129,0.0293970527581294,0.386929891984373,-0.0951893098438769,-0.0590378357720544,0.00305363078231456,-0.140698252421825,0.311970596398061,-0.0938637557945762,-1.19215077744058,-0.432430169493285,-0.473564259774134,0.115364210232107,-1.03027076375983,-0.0916579919417891,-0.0471183280164924,-0.282265329149447,-0.43044969743544,0.569049491801258,0.106205836800577,0.767018107424996,-0.191776617744458,-0.553584761730504,-0.0881266740397001,-0.273457991770503,0.291065613565228,-0.000708218258781575,0.394107793358054,0.0822201196555353,0.250151575735242,0.228104415895505,0.31339569798466,0.525547218001498,0.28849309562765,1.05172930344483,-0.0191245126591371,-0.0902014542907777,-0.61659311349684,-0.140347216369242,-0.523977228400087,0.486042563725913,0.201818626704443,0.193770994215411,-0.122245282612992,0.0869460080052143,0.280293522160635,0.319483815792116,-0.766302130906725,-0.253197448258077,-0.572724085612298,0.340760792053811,0.195871971186831,0.115448039737201,-0.224721613246431,-0.316755931151593,-0.147808042322617,0.168407329580386,0.00274974882634821,-0.248193874672774,-1.0965065514723,0.479896813133706,-0.428243933582653,0.274692663351537,-0.215657548008136,-0.286027178190545,-0.28177807015109,-0.504209183230091,0.158216805367385
Tx740,-2.00000000000002,2.03029207378428,-0.657596220175978,0.0393570458321204,-0.954033068220837,-0.492996986923757,-0.13349939367187,-0.0035112673353641,-1.00218264020925,-0.426205828740049,-0.379098886221245,0.258235883632756,-0.856921825913417,0.109779069455212,-0.491304678789671,0.153155598997328,-0.169849962818289,0.103119863144302,-0.594304943829948,-0.10429005049065,0.26721611936596,0.550266443316115,0.742021196874751,-0.10406475869571,0.157043192296069,-0.32527510460678,-0.184394381952113,0.111235607106223,0.165195611666465,0.0734389789969305,-0.151114068429763,-0.648862233613984,0.332676484156297,0.624361247131149,0.769271025374407,0.339545264229944,-0.557634774695354,-0.0455255674197036,-0.359299404986839,0.104513528666493,0.0818166901622704,0.00114650954142579,0.11131419726725,-0.298035754795274,0.115647134811799,1.18929876064828,0.423322375883339,0.506423612151913,-0.0827039529289264,1.05257807718392,0.0775309067143349,0.0588631237986978,0.253090847757608,0.44164960143453,-0.58039972467247,-0.138723019708045,-0.758406439395667,0.192099643457599,0.583331943731663,0.0658052546893011,0.316387363447705,-0.253553723654726,0.00501314546388919,-0.397892413394528,-0.0896932379161446,-0.241068366739778,-0.221703751063045,-0.31731654096691,-0.549796715969065,-0.279011696482984,-1.03820313067936,0.000764037424433403,0.0822567950640136,0.585710605938708,0.129101770379399,0.515948739668226,-0.507567602777916,-0.198949279774072,-0.190650158769757,0.151562838400542,-0.102403886626035,-0.268684949324208,-0.309048856027008,0.767295792660619,0.286517862913873,0.571821104813433,-0.334632573112905,-0.201626584593013,-0.104415794748293,0.209284692001884,0.321039900980427,0.152154884280268,-0.182230532851871,-0.0176836930403311,0.247930093850254,1.09641042965998,-0.473391361419879,0.440586014588648,-0.299350830156434,0.227067025769965,0.276573587872086,0.26556572598442,0.503023277851534,-0.157547982945734
Y346,0.607370054317396,-0.657596220175978,1.37600278652499,0.272633601132665,0.211553327983494,0.146768838577976,0.127566642567363,-0.299869525219203,0.243502848112472,0.195578567919004,0.14950901552574,0.20489936101665,0.280330197569115,-0.58435019010003,0.150095822061397,-0.34263305150532,-0.0902328903551889,-0.0412135872514262,0.0628974187313508,0.0129245550071414,-0.214405344775789,0.0343167968383378,0.00865972893548207,-0.157401281311818,0.309675763696112,0.354812712845205,0.1845602273432,0.157614280799523,-0.222159573996994,0.424412159449561,-0.118357689314252,0.250816972431934,-0.332573510894031,-0.361285116388757,-0.593985343841775,0.233899130435133,0.639010453146335,-0.0754317433620161,-0.0840661823867054,-0.0305567614163427,-0.139346501652181,-0.0314841253164454,0.142980792816539,0.159736215147215,-0.0166986963554769,-0.582626445901532,-0.1950669258194,-0.163185517163309,-0.349093162741632,-0.306319157767382,-0.130009990522328,-0.506126783159116,0.256967962368208,-0.343476585900333,0.565025675556742,0.221513321057479,0.240443071176541,0.0679271890369945,-0.363082211404208,-0.0529182819001879,-0.472553066368939,-0.226246262370328,-0.0330664072250962,0.0413532359221734,0.178456391503537,0.238499274527172,-0.406359193409024,0.118659757651117,0.298662662464377,-0.292571118931951,0.23581673036416,0.0160838794803753,-0.020119988032129,0.0495999634858043,-0.126389603771078,0.200519269375486,0.291306623392371,0.382513124934728,0.0769545788668154,-0.0832226479916952,0.406587910928934,-0.0354083940236618,0.0708035889305355,-0.230883081870845,-0.0926639460029161,0.060230592600545,0.384142560939995,-0.0996689490223403,0.0204272957130628,-0.0113336080294534,-0.179107883787114,-0.338729740174376,0.0581296156291234,0.186168705972192,0.0823458639131762,-0.47717416783725,-0.0886348904143334,-0.282967401254611,0.15024776303938,-0.456709289906157,0.282630269615133,-0.257467513673803,-0.293545636928669,-0.233769960452523
Y347,-0.0350206825626025,0.0393570458321204,0.272633601132665,1.45508544589312,0.0279614724833944,0.188762181286042,-0.182440106614605,-0.282941204534269,0.0010626800363299,0.105163207330974,-0.035172623540585,0.150446858113977,-0.144103826066271,-0.142406278588115,0.0847454834964937,-0.46737659442938,-0.344115785876673,0.200210148075452,0.222587386591502,0.0216794989454054,-0.378925987866991,-0.0343028924252332,0.241365195732574,-0.0734512713041672,0.0917557258599869,0.142341592840194,-0.0878489888040757,0.332016326803681,-0.0929835459910881,0.13129705554405,-0.174444867566259,0.368550272992492,-0.493279911503449,-0.207588958142828,-0.340029097503338,0.257366152517406,0.523530070535175,-0.379444682929756,0.313196602910057,0.152018661334492,0.0475880553635437,-0.114271000940915,-0.0269887681057752,0.182113453663266,0.491177120912925,-0.064942576537119,-0.261507047950531,0.0695199496337827,-0.168152415340134,-0.147174081690341,-0.597490465023526,-0.437433743078587,-0.0595774882110986,-0.115130253368129,0.0446906980937291,0.988757627086968,0.111340393987591,0.076682132975257,0.194378758127345,-0.383630918840395,-0.267637080510532,-0.122135256387553,0.0367164164216554,-0.178746369046399,0.0368212033030238,-0.0992969555934857,-0.532192519899308,0.211328036188553,-0.0794555596065306,-0.297983361354587,0.276720289505998,0.060801681103998,-0.38080167304347,0.18694936823838,-0.0478885115945426,0.0256456824051691,0.169832431166985,-0.087146916698913,0.0949726831179734,0.236120612320122,0.106389213842972,0.332430234985084,0.407038494518811,-0.376332512553143,-0.0523052786441869,0.11639112166951,0.310073953845306,-0.453267040853232,0.316885101134199,0.202845538141847,0.168569749246504,-0.382284407414821,0.00803624699134559,-0.0508225442728346,0.499769645185073,-0.0788215989742579,-0.113663237028984,-0.544478781739655,-0.189183142430611,-0.661551924947605,0.268499758662713,-0.165344126919483,-0.145298396513859,-0.0234050567630034
Y348,0.965893129572563,-0.954033068220837,0.211553327983494,0.0279614724833944,1.43754412195219,0.379421911934383,-0.149254101285488,-0.0568635079836755,0.60257081515075,-0.112845899354315,0.132601652217077,-0.150930691387367,0.595806821958475,-0.0710778484411915,0.368581709056904,-0.0320604531639672,-0.100601552266511,-0.0984429425103397,0.340231618302901,-0.0753636318891266,0.0493065602179729,-0.228336760653614,-0.633238509602082,0.119388026476622,-0.0281728598652289,-0.213525134972303,-0.183802336072384,0.127629514696186,-0.0401814364699556,-0.263801880652476,0.164425428088416,0.464943725162547,-0.108638706067407,-0.201647541969285,-0.266521100223966,-0.22818481967563,0.278276374694312,-0.208945948256539,0.253751005110225,-0.150448671733078,0.0818638442588858,-0.214583482474119,0.117355160978092,-0.0135550899144495,0.27970671562498,-0.470939348395878,-0.230500609753854,0.0236966464117323,0.214854114746573,-0.436019120180129,-0.313654239463114,-0.148148599687059,-0.185499883550538,-0.0606934684976631,0.400997530807972,-0.0242485911580127,1.19398797358949,-0.0775746350859825,-0.139692298360694,-0.322655432572591,-0.0682590813324036,0.301193265649406,-0.0210945060288478,0.0320743575770713,-0.162661582756474,0.128960308089552,0.157043192296069,0.118099147835801,0.027835728225752,0.0981005715267952,0.569819675379308,-0.0634860388861087,0.0359881475961513,-0.314403465664888,0.235947713965868,-0.18636961466589,-0.111384122359238,-0.00383086732353671,-0.103420319375301,-0.0543591015189918,-0.284895479871775,0.434817496769361,0.527952076928893,-0.41507222259474,-0.0757880187586658,-0.408936950690671,0.292040131561944,-0.1590778714137,0.197501407192099,-0.126866384081302,-0.187841870349106,-0.363810480229715,0.149655717159657,-0.106453899590893,0.0142186729920337,-0.540942224493503,0.201776711951896,-0.511837668193658,0.0189131252773012,-0.357009811628959,-0.270995500058361,-0.194275784865076,-0.277759493250639,0.191229912342249
Y349,0.487535776785404,-0.492996986923757,0.146768838577976,0.188762181286042,0.379421911934383,1.11944258618456,-0.024961141951309,-0.137449859099426,-0.0959228180134489,0.330753644883205,0.14410201244717,0.234365432057219,0.332136831717256,0.0444968423631998,0.119623796959699,-0.0963000507863719,-0.200804007574277,0.4170823170979,0.0487721471229975,0.127938635996218,0.0362867902080481,-0.102409125970104,-0.108994981464058,-0.393842400429666,0.207278023223696,-0.232538714596452,-0.224066695237884,0.148937927022285,0.121164164115804,-0.179830913268551,-0.0485696263234314,0.239416159739136,0.0930288864686033,-0.100240037525794,-0.308965026521911,0.105891476156476,0.289776734924405,-0.149495111112632,0.259257555726092,0.00708268637090195,-0.118053807358284,-0.0575970161532495,0.00244062752631396,-0.0472807476826103,0.313002747179534,0.0162515384905638,-0.313811419785163,-0.132084770773407,0.102119148427242,-0.496444475320751,-0.390971239880194,-0.27832010306596,-0.124414371057298,-0.0938742344827112,0.358008712726915,0.00305363078231445,0.361995853562954,0.0946688011620113,0.0690588873557664,-0.021817535510282,-0.291062187840259,-0.219665646220445,-0.0330244924725493,-0.0643138552489139,0.0706097332000044,-0.0300904597942544,0.223032730837314,-0.037682269349339,-0.0538404064562215,0.0643749137586333,0.088737863676599,0.136001986517454,0.00880119122532723,0.0529112289370176,-0.160130979571445,0.0692422643981611,-0.0214193453610877,-0.247339861589627,0.212129655831015,0.2601010901211,-0.0303733843739488,0.0262062922204861,0.0430560227443973,-0.407386104846428,-0.170541556235315,0.0259443250170665,-0.00868249993085629,-0.252196733541014,0.207911983855971,0.0938724208636148,-0.0128739751855577,-0.172495831572819,0.12192386900572,-0.17178328077952,0.072034834786608,-0.0613798225706206,0.116286334788141,-0.600052504272964,-0.0475060394775515,-0.314995511544618,-0.0121142702956439,-0.199122178128326,-0.0390392594630468,-0.211932374375515
Y351,0.0939929257771842,-0.13349939367187,0.127566642567363,-0.182440106614605,-0.149254101285488,-0.024961141951309,1.32242525408174,0.436190204915282,-0.0753479138569215,0.206932226515182,0.0115623255493635,0.279460466453765,0.0404887441508901,-0.143076914628868,-0.197089312629795,-0.0893474412076325,-0.0461857247723194,0.0867469129306164,-0.228708754082467,-0.147907589859914,0.0328864559076695,0.18352807656173,0.0281867642783349,-0.276276758879289,0.0262429676289664,-0.017437443869116,0.229152284709181,0.0131288894258094,-0.214075266099481,-0.213745187423175,0.132748353850991,-0.35192240853856,0.128860760552254,0.0892513193953021,-0.137999990226609,0.00441062089602698,-0.0460075870739931,0.0345473279773471,-0.336440146816495,0.148623566378183,0.0599948221174679,0.149330877827413,0.276935102612807,-0.420117710932592,-0.273431795050162,0.0629812482364441,0.0260700692747097,-0.13766467220623,-0.0669282879390351,0.145851953366011,0.238792677794999,0.109511862907729,0.192036771328777,0.192607859832231,-0.0965620179897904,-0.0515665311305453,-0.1372560033689,-0.266725434642631,-0.304867859460438,1.00190314135454,0.024844062762707,-0.00129502479444031,0.0153398926226659,-0.078067133428411,0.184906024051715,-0.159905687776504,0.0180224367856783,-0.213813298896064,-0.0637794421539392,-0.0834217430662942,-0.207814249937769,-0.219398439672958,-0.123738495672477,0.186278732197629,-0.272509670494124,-0.243656602709554,-0.13815717054866,0.0647521465315573,0.142797415774145,-0.410246786707764,-0.23374900307625,-0.281243657056115,-0.45619583418746,0.26433448012835,-0.11454868617654,0.197454253095483,-0.0921819263486253,-0.0616155930536977,-0.270089093534531,0.362373086335879,0.178796948867984,0.214246350834643,-0.195879024149999,-0.0716541762887141,-0.437569966024365,-0.0435293773296507,0.153207992438015,0.259655745875285,0.318530255171675,0.370347368007947,0.212795052527699,-0.0532221638561521,0.26324469656213,-0.250750674578142
Y352,0.01801195809754,-0.0035112673353641,-0.299869525219203,-0.282941204534269,-0.0568635079836755,-0.137449859099426,0.436190204915282,1.35409184963104,-0.0603319537569443,-0.174733031490019,0.0614513597684761,0.138092484800737,0.283269469591476,0.0691898709574738,-0.338457294282822,-0.319532783507834,0.0369417082165961,-0.0568006358548556,-0.362993142555047,-0.149783275036394,-0.132456764202261,0.0557823894864911,-0.0723143336413288,-0.0351307087880379,-0.241539907705932,-0.389294649778313,0.220737898135361,0.0608383565124778,0.00690978801664241,-0.48425252167363,0.312321632450643,-0.241005494610957,-0.157993327191545,0.31459550777632,-0.160581563161325,-0.103718961987197,-0.18410621802835,0.0332165345839784,0.0659938710757622,0.231750999367099,0.106069613854802,0.165436621493614,0.035307032867262,-0.293943827077867,-0.157610855074553,0.120498767419119,-0.157254579677906,0.0724225462476653,0.160050575791318,0.104199168022386,0.224929373390065,0.25748141808691,0.0288731183512911,0.378174948046109,-0.14202904581519,-0.158061438664434,-0.055763245729317,-0.278954063698229,-0.33616770092494,0.530875630919041,0.999959344705168,0.187541414118109,0.0319905280719768,-0.0439799609195319,-0.0665300977898382,0.20438590529795,0.148555454905293,-0.233670412915224,-0.427463271316464,0.0438419243546523,-0.239114091402269,-0.322623996508175,-0.218790675761027,0.0111274599916895,-0.353939556004885,-0.514708828743126,-0.367252729282639,0.0547030846084047,0.206308744571045,-0.265001690444136,-0.461754778244009,-0.362673542566872,-0.363805240885647,0.411214251741311,-0.156201471520161,0.00541133561308559,0.0525182781318899,-0.0351569055083791,0.188468778018211,0.248794585621538,0.0919181455261087,0.351862962134705,-0.124194318606426,0.015832390965094,-0.51355093370401,0.0455918652734919,0.225982481547812,0.414164002451806,0.0616452154990067,0.349400470422564,0.0278357282257516,0.139973409321287,0.411214251741314,0.281912479477766
Y353,1.02018321280912,-1.00218264020925,0.243502848112472,0.0010626800363299,0.60257081515075,-0.0959228180134489,-0.0753479138569215,-0.0603319537569443,1.4992635950777,-0.0138746899026209,0.227758619186993,-0.654064902273893,0.676251710784385,0.00446301433670973,0.28610395473247,-0.0954669950795003,0.0196204367265329,-0.343843339985119,0.662608458830318,-0.143129308069551,-0.0805767792371642,-0.539124172101777,-0.568595482486414,0.417789628547128,-0.282291525869789,-0.00230621819963736,0.436085418033912,-0.171715169306633,-0.39673975769948,0.104890761439414,0.224164429156085,0.374837485874551,-0.461927676598269,-0.554391620717035,-0.344094828500401,-0.24691023537602,0.182176325792084,-0.193888073404016,0.156561172641778,-0.196418676589044,0.102370636942525,-0.186448204826918,-0.469147492724494,0.199843393990664,-0.152591563457046,-0.84602399025119,-0.0519751999678791,-0.130161931500311,0.12638255080791,-0.51359284845656,0.120425416602162,0.189485210767477,-0.077265513785949,-0.158428192749222,0.0117457025917569,0.21094556407156,0.557355275840631,0.00232536195681027,-0.0848573233410303,-0.0683900649341126,0.00074308004816043,0.657353396729728,0.0124896894494673,0.507020897375705,-0.154142409301285,0.329281389199983,0.15302985473969,0.224153950467948,0.529481965396852,0.134409225920667,0.759787812610638,-0.0985582080798447,0.0624887498940179,-0.503135117696074,0.205234679037027,-0.219807108510291,0.0573332353307317,0.488007317751561,-0.066566773198316,-0.288861663331541,-0.0235465190528495,0.416092081068973,0.404607438871083,-0.331902874853278,0.0210036235605844,-0.335030763262103,0.136546878300564,0.00909459449315672,0.0147635647751442,-0.421307042036115,-0.35532274283894,-0.43702507424125,-0.125713728386257,-0.132262908471732,-0.197943325712941,-0.697525261321103,0.45222783710859,-0.0832069299594925,0.251927713374427,0.0340233935705082,-0.221064551086703,-0.371564709450919,-0.523159890725425,0.327798654828636
Y354,0.369063728711196,-0.426205828740049,0.195578567919004,0.105163207330974,-0.112845899354315,0.330753644883205,0.206932226515182,-0.174733031490019,-0.0138746899026209,1.42521070601522,0.0447011767818662,0.131150353910134,0.147187986103445,0.0622477400668707,-0.191195050552868,0.0402372556356078,-0.0664462682847431,0.405953950296659,0.100851227162695,0.201813387360375,-0.0642038290234772,-0.280274378403461,-0.188234821154234,0.0669055169436629,0.108966971124614,0.203689072536855,-0.158365320620401,-0.355862395277984,-0.301902390717739,0.0575113730290568,0.214382573780418,0.146009133688063,0.153281343254972,-0.242142432273791,-0.224192439495525,0.166688824725957,0.214351137716009,0.173940076916594,0.103187974617191,-0.224181960807385,-0.260501093889397,-0.045839928063806,-0.125839472643899,0.0407611900424461,-0.153655150302927,-0.194307220929486,-0.221410347795215,-0.377516604312594,-0.305690436479176,-0.405133186897024,-0.0337527612980545,0.0374865999997082,0.05516938623049,-0.355652821515246,0.0989545846099403,0.285621935078178,-0.11011096175062,-0.0379704332730994,-0.055951862115779,0.233506179630005,-0.365942893265545,-0.31252778048841,0.0642806055654007,0.0520624551979399,0.126503055721482,0.00237251605342684,0.178665965266272,-0.227535141011151,0.446139719301131,0.241234212130866,0.0934113585855949,0.437096611439111,0.0919391029023796,-0.127678482411898,-0.144014757217109,-0.0535889179409401,0.354325453846843,-0.188177188369483,0.0386235376625455,-0.0937642082572764,0.285433318691713,0.166557841124247,-0.15497022566409,-0.523133694005079,-0.157149792796537,-0.0881685887922451,0.0711860610475281,0.113740013570908,-0.0642195470556819,-0.168995949735139,-0.0697732517681655,-0.101890430907333,0.0208883579910799,-0.0821066677051315,-0.150511543861899,-0.111195505972777,0.0272384430019572,-0.156196232176092,0.011111741959483,0.0558452616153098,0.0454137275751664,0.0676442644573023,-0.0872202675158685,0.01778142695853
Y355,0.358412142220178,-0.379098886221245,0.14950901552574,-0.035172623540585,0.132601652217077,0.14410201244717,0.0115623255493635,0.0614513597684761,0.227758619186993,0.0447011767818662,0.827956918284321,-0.0713031402361309,0.250418782282736,-0.000713457602849869,0.0106611583696021,-0.22760325248404,-0.208961666288744,-0.168660631714763,0.0885649653223441,0.0625673400550415,0.0918814701176281,-0.107297433985901,-0.134044285454978,0.0475356619228611,-0.150700160248358,0.124381121373788,0.147020327093259,-0.0700928517563371,-0.286944063402511,-0.00272536572510835,-0.15862204847975,0.0661562907418819,-0.0137541849890479,0.0932122635109957,-0.22721554102298,-0.036854452986536,0.204789334791217,0.157294680811352,-0.0469559083503681,-0.0490254492573816,-0.00579038200511053,0.0459481406701406,0.179546175069761,0.0960415093079215,-0.180108598504174,-0.243646124021417,0.00769045028283202,-0.129344593825643,-0.0618775602571176,-0.28773520435684,0.0465925799905514,0.0540796026642659,-0.183246965601135,-0.0835055725713874,0.0523401404335637,0.0341281804518753,0.126618321290987,-0.0715074746547999,-0.284560161851399,-0.134594416582161,-0.0545634359376588,0.0675080415115248,0.000774516112569831,0.530723689941054,-0.0285448532940838,0.1284887671234,0.000732601360023008,0.00973903381356766,0.00175427345335698,-0.113788981286624,0.0707721528661253,-0.0187315618540088,0.12978288510829,-0.162305307359819,0.0393151310795725,-0.114915440261326,0.028181524934266,0.226186815966479,-0.119693722051689,-0.301121728451549,0.0649983957027702,-0.0195488995286761,-0.0550087801834712,0.0585120877461156,-0.0664515076288127,-0.128789223354395,0.210924606695288,0.0791131886229877,-0.00839433600709387,-0.0619509110740754,-0.0646229765489448,-0.0226348731849519,0.182422574963302,0.135551402927575,-0.129559406932448,-0.162169084414043,0.0803391951349869,-0.132519636331083,0.0805592475858585,-0.0953884049184748,-0.136333878812862,0.0128564435342537,-0.145277439137585,0.0992165518133616
Y356,-0.278210076840521,0.258235883632756,0.20489936101665,0.150446858113977,-0.150930691387367,0.234365432057219,0.279460466453765,0.138092484800737,-0.654064902273893,0.131150353910134,-0.0713031402361309,1.02101626851598,-0.218376767579624,-0.279886666942404,-0.260338674223278,-0.196188145450034,-0.128506298774704,0.346618378722258,-0.443438031380953,0.0384034852116737,-0.288641610880667,0.166049624749614,0.316937494574884,-0.498089629358223,0.351501447393987,-0.142804468737314,-0.2460352649166,0.0550436419728488,0.232149189516294,0.15129039250899,-0.181151227973786,-0.147629904624289,0.0116671124307313,0.252676939576207,-0.054128570379984,0.310597888252146,0.130495435901588,-0.205791863127375,0.123951495160183,0.165473296902092,-0.00706878195779513,0.280062991021629,0.0796423623738951,-0.150983084828054,0.158625474204719,0.380066351254793,-0.217538472528681,-0.0728644647685098,-0.107292194641833,-0.0247410895004408,-0.00863010649017231,-0.249068845132194,0.108081521977059,-0.0139480407195781,0.102826459876473,0.0312151051498571,-0.0599232849196097,-0.0836837102697148,-0.0210211552118904,0.161093205260927,-0.123953308779282,-0.43125655642197,0.000585899726108206,-0.287347492895777,0.579365760271896,-0.232963101465994,-0.20923935152437,-0.244369153502856,-0.142830665457655,-0.154844481406449,-0.494469242606973,0.0137733287462196,-0.28506837822603,0.375314266184773,-0.340663058135612,0.216735039267121,-0.0793507727251646,-0.262769729871006,0.246284939812785,0.306788885114431,0.328537402342275,-0.387539469515407,-0.245364628875846,0.0474256356974243,-0.114045709145975,0.328731258072809,-0.0290163942602369,-0.382598768058923,0.225175622561281,0.237006061467683,0.280649797557288,0.300297337813708,0.0253051250407249,-0.0542595539816926,-0.0687201436104221,0.295351397013159,-0.120369597436508,-0.0787639661895056,-0.0923600640469513,-0.0220166305848829,0.3239110615299,0.032828823122918,0.106273948273468,-0.296018607328944
Y357,0.860304628562506,-0.856921825913417,0.280330197569115,-0.144103826066271,0.595806821958475,0.332136831717256,0.0404887441508901,0.283269469591476,0.676251710784385,0.147187986103445,0.250418782282736,-0.218376767579624,1.79850349219916,-0.158684920608572,-0.225774721404177,-0.278775925999905,-0.117917584412509,-0.00787040160025742,0.127844327802988,-0.201658020657423,0.255941050930807,-0.429281323708189,-0.296919774508707,0.110245371077298,0.00791050273370425,-0.426457317255332,0.532305971849711,-0.0231850043121318,-0.479243708744262,-0.0560776063734191,0.393400481908822,0.315763881503568,-0.158103353416981,-0.228226734428181,-0.536666919733709,0.239997726930727,0.543214286200078,0.0303820494429848,-0.230537285162333,-0.229882367153785,-0.273285093416244,-0.441137959334933,-0.232889750649036,-0.253186969569941,0.110365875990873,-0.504057242252107,-0.118132397519312,0.136609750429388,0.143593796072538,-0.615168011910238,-0.028555331982221,0.128776931047159,0.115400885640585,0.18953236486409,0.132486386647572,0.0641443826196238,0.66937769136667,-0.148834953760017,-0.252909284334315,0.208734560874704,0.324728399204566,-0.0212621650390341,0.0122643976545268,0.10902460390937,-0.31783523602968,1.21559502852748,0.414897510621385,-0.243043599453556,0.0857147621491451,0.0949517257416976,0.177618096452595,0.0101948567475171,0.379935367653085,-0.342072441690005,-0.236352957078235,-0.193332702932767,-0.202260545225288,0.610927568939822,-0.0706063074750371,-0.492331590227075,-0.257530385802625,0.123259901743157,0.166264437856416,-0.214976433279246,-0.0849306741579891,-0.00559652627457928,0.272544532283501,-0.0652359798049485,0.0586745074122359,-0.379030774748357,-0.590941284938054,-0.60507703523454,-0.0758089761349384,-0.350989805294387,-0.262465847915041,-0.423669986210955,0.337030379077124,-0.348794520129738,0.276767443602616,-0.120406272844989,0.102920768069704,-0.456248227628141,-0.0308030105875584,0.0703844414050658
Y359,-0.0855646347902612,0.109779069455212,-0.58435019010003,-0.142406278588115,-0.0710778484411915,0.0444968423631998,-0.143076914628868,0.0691898709574738,0.00446301433670973,0.0622477400668707,-0.000713457602849869,-0.279886666942404,-0.158684920608572,1.35999135105203,0.226548330707196,0.101621410740747,-0.12221384654858,-0.0519437639034688,0.273938197805693,-0.00488921482534834,0.235842927084499,-0.226518708261886,-0.193872355371811,0.211113223081749,-0.260113382428336,-0.0667658682729138,0.00927273219148407,-0.000236677292627447,0.363766751858066,-0.552411148659187,-0.163416048302318,-0.0285448532940851,0.319284720717517,0.0709817266288618,0.136882196320944,-0.228546334416348,-0.33290882891441,0.04624678328204,0.174925073601452,0.0055737552792062,0.0722391692052715,-0.0149697128129117,-0.0568268325751981,0.0857985916542385,-0.0737446745719968,0.185838627295885,0.238834592547547,-0.22023149537983,0.224845543884974,-0.200987384616671,0.0739471953715638,0.368592187745044,-0.663731492080053,-0.138429616440215,-0.182398191862058,-0.249105520540671,-0.113568928835753,-0.0648587470320251,0.442435503044789,-0.188973568667873,0.27302655193779,0.358590279918507,0.0368474000233651,0.111811934953745,-0.107444135619815,-0.400491128052443,0.878118398394995,0.211459019790263,-0.2297147081436,0.25793724102086,0.0872289325849068,0.042951235863028,0.122264426370162,-0.0870002150649984,0.54181538133382,-0.0712140713869703,-0.207101699144471,-0.179102644443048,-0.297218417120606,0.221539517777827,-0.431287992486379,0.145663336979547,-0.0772393170656067,-0.29283308613537,-0.267406549371522,-0.186982617921891,-0.282637322578302,0.36801585989752,-0.0529654359968023,0.0656637923994542,0.0123167910952106,0.14148757975705,0.113876236516688,-0.0599547209840219,-0.00957318842248102,0.0820524606453475,0.250455457691215,-0.124781125142084,-0.147095491529316,0.187520456741835,-0.650601695844691,-0.159764225486657,-0.217093128282871,0.376131603859442
Y360,0.485958734220821,-0.491304678789671,0.150095822061397,0.0847454834964937,0.368581709056904,0.119623796959699,-0.197089312629795,-0.338457294282822,0.28610395473247,-0.191195050552868,0.0106611583696021,-0.260338674223278,-0.225774721404177,0.226548330707196,1.50152699171524,0.0813923032927313,0.136541638956498,-0.0122347752092176,0.422625543122243,-0.0529078032120508,-0.0579218554854901,0.00717175522006223,-0.343785707200364,0.0154289614718293,-0.0166148668503821,0.155481867763694,0.00865972893548199,0.196401144937739,0.309754353857136,-0.212466787470491,-0.291533728806412,0.303771022931047,-0.0387772922596302,-0.278906909601617,-0.0598918488551991,-0.27275068032127,-0.0937694476013455,-0.127641807003421,0.277296617353523,-0.180847346017819,-0.12725933488643,-0.0259356599480306,0.146349691052505,0.0601205663751091,0.109270853080583,-0.416334904515223,-0.187883785101653,-0.196869260178925,0.181186089763163,-0.198875928957114,-0.135359360816146,-0.0891850215415131,-0.513409471414164,-0.261098379113193,0.435440978713499,-0.123303630114803,0.211663354208928,0.149215612257909,0.105079377825879,-0.413537094782706,-0.26375996589993,0.252268270738873,-0.0449544789162505,0.116102957745748,-0.115140732056266,-0.285042181505689,0.142446379721562,1.2254345166879,0.221932468582953,0.0382777409540333,0.573749183430594,-0.204497745142486,-0.0924910476486608,-0.180244821449956,0.314527396303431,0.0404206326780021,0.162266818332245,-0.12958560365279,-0.0771502482164446,0.353335217817921,-0.0553807736123259,0.143960550157324,0.245813398846629,-0.285272712644699,0.00497123071134261,-0.33853064509978,-0.243473225667163,0.0731612937613065,-0.00181371985720931,-0.133834711692246,-0.240036215958305,-0.0629149503826553,0.0516904617690853,-0.164097163031209,0.276971778021284,-0.45473405719238,0.0880095948510956,-0.189146467022136,0.245158480838081,-0.204869738571342,-0.475214653155675,-0.190346276813792,-0.331043622426065,0.0796423623738922
Y361,-0.143537976906886,0.153155598997328,-0.34263305150532,-0.46737659442938,-0.0320604531639672,-0.0963000507863719,-0.0893474412076325,-0.319532783507834,-0.0954669950795003,0.0402372556356078,-0.22760325248404,-0.196188145450034,-0.278775925999905,0.101621410740747,0.0813923032927313,1.67505406725998,0.32329281892983,0.0573646713951405,-0.251552294220607,-0.144051432625588,0.329349500672875,0.393898219595318,-0.280724961993344,0.15477455631446,-0.0423714822905379,-0.00431812632189396,-0.278100050615089,-0.0685629632883693,0.203353754516479,0.00479833235708552,0.18019585373424,-0.14209715728808,0.523404326277535,-0.0839823528816101,0.897336312437815,-0.458705479996211,-0.637718148780544,0.113598551281063,-0.10536411602467,-0.499755740771965,-0.349176992246728,-0.137785177119805,0.290599311943142,-0.143815662142508,-0.274479663863836,0.00362995862983615,0.180861250430923,-0.300000508820916,0.142352071528332,0.0641601006518293,0.44207922764814,0.533479584921028,-0.348998854548403,-0.141368888462577,-0.116136207429259,-0.452564968748071,-0.149746599627916,0.194839820405361,-0.0574450751752678,0.034762141084151,-0.0770087859265975,0.0908336013039517,-0.0598132586941767,0.050569242138452,-0.200290551855577,-0.0149225587162958,0.0142501090564433,0.0477766717500075,0.852770451792166,0.243555241553157,-0.0906206018162515,-0.481449472597046,0.220130134223433,-0.0408992266073236,0.160721211832071,-0.072518668059996,-0.00243720180134553,-0.200023345308088,-0.0102752605276432,0.0916404602904824,-0.113286004256061,-0.234885940739089,0.0680319759183626,0.15975717252349,0.518112588768465,-0.374095312635943,-0.427248458209655,0.331293297322247,-0.300016226853122,-0.415690465194812,-0.209668977737977,0.277495712428122,0.101673804181429,-0.171327457845573,0.043066501432532,0.0311627117091714,-0.140991655689651,0.201394239834904,0.0690117332591499,0.585076645306435,-0.433949579273116,0.678064523832037,-0.101790883370035,-0.0251235616174315
Y362,0.190595951709974,-0.169849962818289,-0.0902328903551889,-0.344115785876673,-0.100601552266511,-0.200804007574277,-0.0461857247723194,0.0369417082165961,0.0196204367265329,-0.0664462682847431,-0.208961666288744,-0.128506298774704,-0.117917584412509,-0.12221384654858,0.136541638956498,0.32329281892983,1.2017736388751,0.00898456826772111,-0.156080966606587,0.0811041393689701,-0.333668533804325,0.210384954256245,-0.239197920907367,-0.105023558660226,0.0792546509128328,0.0851593916778949,-0.014802053802724,0.0721343823239037,0.236162527072674,0.110622603850223,0.227171812651333,0.0623525269482393,0.0494637405400237,-0.321439904748725,0.0904668472191648,-0.0548254031410789,-0.204413915637392,-0.0840819004189103,0.0805592475858592,-0.136197655867087,-0.0869687790005884,-0.00199185755553444,-0.236195776756184,-0.026548663204031,0.184979374868667,-0.342261058076467,-0.277822365379463,-0.088467231404144,0.0144177680666305,0.155272294000956,-0.0705486746902856,0.126560688506234,0.104466374569872,-0.206095745083341,0.279570492679201,-0.213242210392609,-0.126745879167727,0.0979643485810161,0.0162305811142903,0.0490445930145542,-0.0349368530575069,-0.0463638624706438,-0.0090230572953005,0.0452355898768415,0.0946111683772549,0.129589029377757,-0.0853498216834591,0.124721678738232,0.407164238776455,0.631633456698055,0.24351332680061,-0.160392946774864,-0.25054110081541,-0.405316563939419,-0.455436129297544,-0.0146448734806721,0.453752486232488,-0.11163561087452,0.326583127004772,0.195285164651174,0.220303032577688,0.00988573544748299,-0.110577263372707,-0.102220509583641,0.174401139194612,-0.213236971048544,-0.329597563463192,0.0976499879369143,-0.15659442232529,-0.327302730761243,-0.121281243304409,0.189338509133563,-0.242037645392428,-0.162493923746283,0.167961985334571,-0.387198912150961,-0.0673159994000956,0.412927517251674,-0.0752693236958962,0.368324981197555,-0.00772893931041394,0.160532595445609,0.0274637347968978,-0.013020676819474
Y363,-0.119468430256748,0.103119863144302,-0.0412135872514262,0.200210148075452,-0.0984429425103397,0.4170823170979,0.0867469129306164,-0.0568006358548556,-0.343843339985119,0.405953950296659,-0.168660631714763,0.346618378722258,-0.00787040160025742,-0.0519437639034688,-0.0122347752092176,0.0573646713951405,0.00898456826772111,1.31670389035907,0.107080807259999,-0.159214094359477,-0.306444902025023,-0.118750640119381,0.232657405890929,-0.108313866735168,0.0988497977285734,-0.181313647639903,-0.110723965006622,0.0426892686596096,0.099918623918523,-0.152036192985798,0.011918600946014,0.061241786005742,-0.0617151405909971,-0.0146867882332191,0.0261486594357332,0.103717148368099,-0.189177903086542,-0.183273162321478,0.439077083496956,-0.17272636271183,-0.394853593834863,0.05465593051179,-0.0335169908149739,-0.368216768591221,0.265602401392898,0.179724312768085,-0.456567827616313,-0.0252807419394822,-0.0613431471621425,-0.107386502835065,-0.113616082932368,-0.146451052208904,-0.0677403862696338,0.041809058856121,0.394521701539456,0.219380908021656,-0.0657389568355135,0.246153956211074,0.198748371080372,0.160181559393028,-0.0556636981920167,-0.257257939911069,0.00294360455687903,-0.276271519535219,0.0727945396765214,0.0614565991125454,0.0323258460923532,0.0380629278472302,0.14232587480799,-0.00754556226801835,-0.0240494960834135,-0.18656870974049,-0.271812837733029,0.345523355811966,-0.198268165045181,-0.00322310341160236,0.116988406893305,-0.383012676240327,0.239379484330659,0.393604816327484,-0.132807800254844,-0.198828774860498,-0.163452723710798,0.0710341200695438,0.012547322234219,0.00796813551845572,-0.435872418546209,-0.272897381955188,0.438951339239315,-0.0597818226297647,-0.166528218678937,0.0182215318602747,-0.0922133624130347,-0.485635708507683,0.163581893693409,0.0911951160446698,-0.0106682113327729,-0.0845796381054066,0.0538490715252576,0.0816909459046282,-0.0753164777925106,-0.024206676405465,0.180557368474957,-0.125834233299829
Y364,0.603094749557592,-0.594304943829948,0.0628974187313508,0.222587386591502,0.340231618302901,0.0487721471229975,-0.228708754082467,-0.362993142555047,0.662608458830318,0.100851227162695,0.0885649653223441,-0.443438031380953,0.127844327802988,0.273938197805693,0.422625543122243,-0.251552294220607,-0.156080966606587,0.107080807259999,1.36745217700539,-0.213121705479038,-0.0704700845292608,-0.716460250784224,-0.166166703938218,0.428441215038145,-0.250934051620535,0.213769570524418,0.283814361374586,-0.192122414452972,-0.0171964340419723,-0.166166703938218,-0.171673254554084,0.299941062417059,-0.382619725435201,-0.301263190741393,-0.141641334354132,-0.35341038225398,0.165583323127528,0.0581505730053982,0.353020857173818,-0.111116915811751,0.0465454258939369,-0.200861640359029,-0.204031443520399,0.266073942359054,0.000276778426073474,-0.487186554351927,-0.000456729743499013,-0.0862719462394935,0.0422229670375228,-0.368352991537003,-0.0372945578882791,-0.116990220512403,-0.323802848923565,-0.267652798542735,0.130830753921965,0.224866501261246,0.255783870608755,0.00480357170115476,0.228754094559985,-0.270246273856582,-0.232716852294778,0.294754111789366,0.0149678991938109,0.20435970857761,-0.136952121412931,-0.0572931341972836,0.291731010261908,0.404266881506641,0.0666225923639682,-0.046741095243567,0.91047658736131,0.0265206528645885,0.00339418814675991,-0.219492747866187,0.460542676145108,-0.0805610612049598,0.173148935962269,0.135216084907198,-0.175791378991832,0.0454556423277137,-0.107161211040124,0.310136825974128,0.237624304067751,-0.347950985734729,-0.0805924972693702,-0.370694978335565,0.00334703405014468,0.172860772038508,0.236288271330314,-0.120773026929775,-0.273290332760313,-0.377878119053315,0.0990803288675821,-0.0387877709477668,0.208844587100141,-0.440582588863688,0.305405698280381,-0.137397465658744,0.139433756882244,-0.283349873371604,-0.467056994441211,-0.342931694117221,-0.420966484671672,0.237645261444025
Y365,0.101406597633944,-0.10429005049065,0.0129245550071414,0.0216794989454054,-0.0753636318891266,0.127938635996218,-0.147907589859914,-0.149783275036394,-0.143129308069551,0.201813387360375,0.0625673400550415,0.0384034852116737,-0.201658020657423,-0.00488921482534834,-0.0529078032120508,-0.144051432625588,0.0811041393689701,-0.159214094359477,-0.213121705479038,0.728063584276587,0.0495632880773237,0.133183219408667,-0.0423190888498552,-0.131550357678432,0.096864086326657,0.256973201712277,-0.245118379704633,-0.0301323745468037,-0.0426491675261629,0.141854333841837,-0.0783395793199667,0.0685192349167218,0.189673827153939,-0.00359509684045907,-0.26408480523217,0.125161783639976,0.106892190873537,0.133502819396838,-0.0162585914537332,0.13097221621181,0.136064858646276,0.151840523636168,-0.0474903214453453,0.255878178801986,-0.0268106304074502,-0.0238713583850885,0.025855256167904,-0.0724924713396537,-0.111824227260983,-0.0941152443098581,-0.293781407411747,-0.0901333428178893,0.0833884933827839,-0.149254101285487,0.071049838101749,0.0817171426249705,-0.0867958806463316,-0.0587915866008418,-0.0113860014701392,-0.162745412261566,-0.290863092765658,-0.179144559195594,0.0042272438536323,-0.0254274435733987,0.100777876345737,-0.264739723240717,-0.100978785039436,-0.146461530897042,0.00139275871263869,0.149577126998628,-0.11267300100006,0.488201173482087,0.0564058714306279,-0.134332449378741,-0.070024740283447,0.0988655157607782,0.232699320643475,-0.143066435940732,0.00472498154012804,0.00474593891640218,0.35669887670982,0.184424004397421,0.00620247656741054,-0.244264366621487,-0.218837829857641,0.0675551956081388,0.114662138126944,0.0460581668955774,-0.127542259466122,0.0630126843008539,0.210730750964757,0.157907684067352,0.11939850516476,0.229456166665148,0.00412245697226387,-0.00287730670309147,-0.166313405572133,-0.215704702104751,-0.247282228804875,-0.199279358450379,0.148827900796849,-0.01148030966337,-0.0214036273288829,-0.0629778225114767
