NC356,1.99385587150977,-2,0.593673015168951,-0.0947954899245689,0.869917030797361,0.3900826693757,0.12911664637882,-0.101016041903694,0.990524420762064,0.229560731234114,0.441978713848691,-0.337080046308979,0.762689770790309,-0.21180922342744,0.562269133011905,-0.167829524721524,0.259451077814064,-0.222938860694555,0.570387547664916,0.203398753706619,-0.117997752593204,-0.369878599992546,-0.667062499194004,0.0352417813842861,-0.118017563268295,0.302535334005793,0.0450639140952745,-0.136128482438093,-0.325257035413615,-0.016967271755164,0.246201698312029,0.542656564670082,-0.357271086363516,-0.505011176935256,-0.645999789435376,-0.284229127296521,0.525742210275889,0.067029990638122,0.207467866370671,-0.133049903528681,0.0769313660494824,0.0660988889087634,-0.121286324658603,0.155215229746016,-0.242820854217646,-1.0923580720853,-0.318996862084311,-0.343645304034716,0.0228680337213499,-0.818332852067262,-0.171046778356588,-0.0312468063620227,-0.13263784148675,-0.359058009256882,0.548972207889647,0.0455948401877596,0.658802590603889,-0.211242638119787,-0.697860174693201,0.034084837958869,-0.255507610547048,0.330064248114687,-0.0117610263407879,0.507734306616563,0.0916031520231774,0.233808139973999,0.0871219773171943,0.340021093416305,0.448702456975166,0.189436189901245,0.902252014683754,0.0860363523221122,0.00703534218721539,-0.548277691337835,-0.118897157242414,-0.529552641240164,0.45611164945986,0.0953830288308777,0.0530119569424882,-0.350028303549601,0.0524929172550555,0.331522313801511,0.310257535156946,-0.619437636271017,-0.0563786287846928,-0.47084964880531,0.351966930497244,0.167204650312152,-0.0420436242875763,-0.273357028805617,-0.227491353830867,-0.121745932320754,0.0418466604602119,-0.0561369385485624,-0.240130564540046,-0.958382438568,0.470311941366344,-0.361371896107715,0.296211766516183,-0.247337688138787,-0.195061278704025,-0.170662451259788,-0.427119564605557,0.206853735442797
Tx740,-2,2.07102241313108,-0.642663671749761,0.130863947922002,-0.866662975023555,-0.373206793408128,-0.20645241688236,0.148542994374777,-0.95126248193967,-0.268360776547222,-0.489432062042305,0.331958148653553,-0.784341695743112,0.214112366796778,-0.584238028766206,0.16579016811053,-0.255777035728304,0.226058203877716,-0.586833227203355,-0.193979615843961,0.0812897145698885,0.417009338961774,0.694239926209808,-0.0308387064551124,0.0705562908046331,-0.381638216727604,-0.0589262816016234,0.158757378452604,0.359439517142234,0.024088371307062,-0.257488678056319,-0.604674721191889,0.286219261999396,0.474721797641997,0.712006139632996,0.276024688596664,-0.505387579762015,-0.0971212631804553,-0.128925320974367,0.139584607097833,-0.0402448149891535,0.000842525153221151,0.0549256681564485,-0.153981862831687,0.2943574873275,1.08729956859016,0.274221917163224,0.444890883087322,0.033431085680808,0.819051141429198,0.159276418140034,0.115296719434114,0.102086961282263,0.396513214510807,-0.576107727708138,-0.0880638225280488,-0.659946504700678,0.213030703936719,0.74173403867719,-0.0789707226604726,0.375620876557992,-0.274169266484422,0.0325911130568743,-0.51680249075046,-0.0816134667178468,-0.239389645291577,-0.113290736191165,-0.378765668839158,-0.528035143528055,-0.198052690643032,-0.863172334072215,-0.106959244431521,-0.035145547220279,0.5295260492186,0.0507218429017652,0.506220771039477,-0.526394819630371,-0.0910195752518907,-0.0188373994839211,0.397301679379508,-0.0795174972930332,-0.330399886667701,-0.364026526570143,0.572095227857911,0.128074604868941,0.489928471843194,-0.321493007145994,-0.187319266877775,0.0929621643345413,0.246514706978494,0.255294798179605,0.176436424905379,-0.0885155059201633,0.00222531027469848,0.199801135109775,0.962500239775847,-0.447088725099054,0.357113743886337,-0.328624850179389,0.318684996341411,0.23580505602335,0.131640526385638,0.440532534566915,-0.236675582803871
Y346,0.593673015168951,-0.642663671749761,1.42851467425278,0.222496244496036,0.203616671132641,0.0616731840930418,0.197110845432178,-0.317756713823502,0.265711251143374,0.0581468839265317,0.154775432758961,0.20025281850189,0.294179191251666,-0.614389876257379,0.168341783062479,-0.329765945064731,0.0204590556300716,-0.0366828556074746,0.180168756092854,-0.0211710970098472,-0.242436527120842,0.0434235901975949,-0.188242444337097,-0.194684875877263,0.317123915144098,0.301303110015023,0.153852255299636,0.119353945693111,-0.314539460188442,0.356364900367829,-0.00886074350720898,0.248860290909474,-0.289688949352085,-0.356252817663749,-0.529382269434359,0.127836876767828,0.589203726868014,-0.0730671414828316,-0.0356447762326166,-0.0403319819595611,-0.0355576092622071,-0.151053845052975,0.23515130374529,0.0868168929207674,-0.113017348874884,-0.590874604922278,-0.143042408045465,-0.169339098163591,-0.294827838471147,-0.211773564212276,-0.146731155747736,-0.491104083020141,0.301267450799855,-0.314139284551565,0.66806210014224,0.163448546314565,0.196885003736123,-0.0299313775358636,-0.409000721165724,0.056752212400001,-0.43104207827392,-0.14751169634639,-0.0356566626376713,0.118339639128363,0.223466967575583,0.270073561798801,-0.433308419504532,0.131933724377011,0.264514686367774,-0.274129645134235,0.243780833815694,-0.0754880059791655,-0.0663077391411845,-0.0505027825521803,-0.109827830184949,0.189499584061543,0.223712619946731,0.367347938639251,0.00933734263299864,-0.156355181707798,0.445604067390666,-0.002656040068157,0.125657702507625,-0.156688001049355,-0.00775134570201409,0.0252770118126289,0.368041312267498,-0.020691678672602,0.0234782025142064,-0.0458948195256056,-0.143014673100334,-0.423371384878007,0.0261922650019143,0.125174322035362,0.0944677756415891,-0.500165485807563,-0.0307515394847044,-0.150392168504878,0.128094415544035,-0.505696626293462,0.278814031649726,-0.175191171585989,-0.287426570256493,-0.131857300888095
Y347,-0.0947954899245689,0.130863947922002,0.222496244496036,1.53335276684365,-0.0262267812935191,0.197740824900129,-0.231346511203918,-0.191578562022719,-0.0519014162137313,0.179792353266092,-0.105972672811899,0.175616262956537,-0.248831413040786,-0.209657784112369,0.00648856755465729,-0.315668668668728,-0.388631385035349,0.231656700658927,0.164597565469947,0.0254790806985753,-0.365555910687307,-0.0248915417922669,0.234208315610876,0.0019558850934362,-0.00708174488387915,-0.0229025500129529,-0.146453806296438,0.223280747229708,-0.0630944476411392,0.126933509983599,-0.0841809302098684,0.239470030915507,-0.511291160939657,-0.17032566978321,-0.288650869977228,0.168306123847312,0.445481241205086,-0.368840520617684,0.382685363296065,0.0677154399963319,0.118640761389771,-0.0463029194325183,-0.0758683709409486,0.114100154658511,0.506811129157242,-0.0283227507183338,-0.25956879894106,0.129905111247514,-0.134860599232157,-0.197676287816269,-0.487831359494817,-0.335669526242373,0.0475243999417945,-0.0585736515849703,-0.011753102070751,0.976534122011552,0.039976532731454,0.0810004787135344,0.221129307914636,-0.311132024072484,-0.135506427240181,-0.146600405292124,0.0546720915152609,-0.193092097599804,0.00268888007186839,-0.211539798246182,-0.578267091293248,0.119246968047609,-0.150344622884656,-0.301238572931161,0.29908431440463,0.0498660217377586,-0.373206793408128,0.229374510888242,-0.094906429705088,-0.0386956201968986,-0.00283433614399212,-0.141049454131134,0.180842319046009,0.256618151275797,0.106564173853227,0.3184274575652,0.253896164518055,-0.301234610796144,-0.0245587224507089,0.0851131748627912,0.345877128973723,-0.405058396822262,0.422441426072206,0.176705850086641,0.275727528470274,-0.257635277052006,-0.00915790363359937,-0.0766489115396007,0.392887860968836,-0.0670011127694311,-0.0644534599525013,-0.498085364922827,-0.214241974328831,-0.471408309842921,0.368318661718799,-0.133073676338792,-0.12951964122715,-0.0472974153221743
Y348,0.869917030797361,-0.866662975023555,0.203616671132641,-0.0262267812935191,1.39381429576032,0.345334316476181,-0.0516121803573763,-0.0748897235913651,0.604588697145054,-0.113520540022239,0.100133628718119,-0.240491118826734,0.535809995358022,-0.0991498763099543,0.282645416212663,-0.0176725317884665,0.00372695944672927,0.0191079675887448,0.332794159142465,-0.111250236656611,-0.00121778505642294,-0.162444983231311,-0.586131929305074,0.171800726933673,-0.0445041101340954,-0.132847834642733,-0.25433878071657,0.0474055358912377,-0.0510693678598356,-0.262389839074267,0.260790279450336,0.456289945535697,-0.105746831115843,-0.24236124655549,-0.182263582594105,-0.300545199302916,0.22139477096088,-0.247206937683178,0.252549038611748,-0.0830239867844514,0.028474454772599,-0.188389043332787,0.140539481637305,-0.052709691757515,0.211849987701191,-0.444842194543537,-0.206337514966821,0.0850656292425692,0.184562763828428,-0.251169072701729,-0.295323105348467,-0.134095907173576,-0.197165172398877,-0.00163380923337135,0.399148034298144,-0.0556060124560761,1.17857923514756,-0.100231539170019,-0.117510409985921,-0.241830320463007,-0.14078795321991,0.329406533701604,-0.030137408556829,0.0204313206849409,-0.156703849589431,0.154446575552415,0.0765747738978124,0.0678144933717963,0.0557616786453629,0.120788238569826,0.585542714110878,-0.148260539864897,-0.0657332295634937,-0.254723107813371,0.203089707175172,-0.229405065044828,-0.0427290736457851,-0.0766924950248067,-0.0415959030304789,-0.0976799242180726,-0.299653718923744,0.451186715631799,0.525108268672916,-0.336596665836714,-0.0566242811558442,-0.479336542015044,0.255710822356551,-0.220791383514498,0.134073277287029,-0.064275163876667,-0.200540911434683,-0.355630762465836,0.111651555217048,-0.105417973909304,-0.004264666885688,-0.488053239055857,0.184919355980097,-0.369858789317458,-0.00277886625373251,-0.351010913034201,-0.286784704383487,-0.13135014760572,-0.218861823760463,0.194246221813768
Y349,0.3900826693757,-0.373206793408128,0.0616731840930418,0.197740824900129,0.345334316476181,1.13011836173565,-0.0814747919921959,-0.0726114959556978,-0.0458393496353468,0.324719327974661,0.139085378085496,0.116572526910087,0.231102001756331,-0.0156954264142085,0.0426311631938838,-0.0384697785008402,-0.259362767920095,0.431387926944097,-0.0160044729456565,0.122606858543341,0.0406183986044598,-0.0324275225975513,-0.00202209846518885,-0.210786992592654,0.0789203578287948,-0.241826358327983,-0.252884677164761,0.0669903692879369,0.146938329692264,-0.164925279752922,-0.0472142104867844,0.170948867904683,-0.0317698081844726,-0.0925648079091207,-0.235201668576967,-0.0324869546228291,0.261582706454046,-0.190948582554768,0.262244383002142,0.0202094411239029,-0.111820784099281,-0.0175774405480211,-0.0628012496497635,-0.0203509350610075,0.356289619802476,0.0444933666526028,-0.301305929226478,-0.0486366169584451,0.132036739887493,-0.445444439066354,-0.260079914358453,-0.17590831802435,-0.11989165313207,0.0439109328048758,0.198691737304581,-0.000995905495384619,0.356321316882625,0.165354333258491,0.143130717939436,-0.075963462181391,-0.229575436850626,-0.159905254684419,-0.0220903123341514,-0.0778335899101485,-0.03904825021355,-0.083095305214784,0.113878275097473,-0.0980285920997046,-0.0993677937359747,-0.000964208415235722,0.133728571540415,0.0616969569031522,-0.0329624108250555,0.172803147093368,-0.134583249780859,-0.0231561266541416,-0.0783605538676161,-0.220696292274052,0.293628454484087,0.261856093770322,-0.128842116138977,0.0104982481934335,0.00489182714218363,-0.347092361500857,-0.139230834157619,-0.0827149402530028,0.049073594734048,-0.303397936516274,0.26326661383693,0.123430982627202,0.0271352531363313,-0.123009853391669,0.106512666097987,-0.142697702298851,0.0202649110141633,-0.0304464550882757,0.152996434135629,-0.584325195736607,-0.0565410763204544,-0.188028489046097,-0.00430428823587402,-0.148438835940731,0.0195279539007125,-0.179688194832044
Y351,0.12911664637882,-0.20645241688236,0.197110845432178,-0.231346511203918,-0.0516121803573763,-0.0814747919921959,1.34783768100504,0.296053281115441,0.00471353106634814,0.115261060218948,0.0408838616507018,0.189376757875968,0.214488769623545,-0.0393137132597937,-0.186194020532507,-0.0550830106336276,0.0417238342746355,0.0624616489617338,-0.103492376290287,-0.236429930432719,0.044196206526211,0.0848794088966967,-0.0948668083549009,-0.273139111379595,0.143895409998018,0.0897528349695111,0.277308420342674,0.0808697282579233,-0.209626087032219,-0.19307624905973,0.0906958231039292,-0.145645530752652,0.212040170182081,0.0395763570945822,-0.107181123992559,-0.00377336214338859,-0.032760341939109,-0.0447973081254692,-0.377818718569722,0.0946619202574993,-0.0353079947560376,0.00742759355405639,0.343361173236942,-0.451498581374704,-0.340225981513708,-0.055356397949908,-0.00433994745104104,-0.278697986810626,-0.0708285351973493,0.19064860321692,0.213248621362737,-0.0120383757920867,0.062521080987011,0.135670017699505,0.0180778124839212,-0.0538705973179504,-0.0262030084834075,-0.290104973529033,-0.30532353413529,0.944583465221959,-0.0788914799601016,0.0501156362439271,0.0144524589419473,-0.0252203989988067,0.16891233050515,0.0305030679020987,0.0890238021261011,-0.129063995700017,0.0851052505927531,-0.0249945573027488,-0.177509020571842,-0.293219211653615,-0.108088452911807,0.0704810102392812,-0.186633817519566,-0.17863426691711,-0.0302800454174972,0.124068886365186,0.082109876518729,-0.40952372298817,-0.179244435709968,-0.214618377155595,-0.225581604751926,0.246970352505626,-0.0907382636655704,0.10464253836923,-0.0928064981452535,-0.0686533230721659,-0.33682646966779,0.25886864396634,0.00475315241653406,0.0495133917211077,-0.178352955330793,-0.109039365316259,-0.331766823249101,-0.14018570869709,0.0955890598518406,0.328261476681246,0.316656383211908,0.191349901115202,0.115887077551878,-0.00682024397265472,0.181337585923326,-0.106471901824237
Y352,-0.101016041903694,0.148542994374777,-0.317756713823502,-0.191578562022719,-0.0748897235913651,-0.0726114959556978,0.296053281115441,1.36061952857489,-0.0849060009182621,-0.122288744818294,-0.0796403234786076,0.0478374086082601,0.180085551257463,0.160334308189986,-0.368115449909291,-0.254311045771443,-0.0108101139363348,0.0367117334761689,-0.369062400178726,-0.148862784387716,-0.223434127571874,0.0521244386983331,0.0817057387468366,0.0188108074623528,-0.241996730133785,-0.37484315517079,0.2078799284126,0.0460544478499126,0.179158411663123,-0.417440068755234,0.223589793761157,-0.232380628443762,-0.207641057387925,0.181123630632326,-0.102438448375353,-0.123473423188841,-0.156993085445785,-0.0631301068563047,0.196805761035751,0.240329814214538,-0.00172097620377876,0.2655884249578,-0.0433550909787154,-0.203227238977259,0.0765787360328328,0.162422353344762,-0.192030245414832,0.17684056267727,0.212880142806014,0.0223252212238081,0.195327884673829,0.265489371582337,-0.0320431955007501,0.357569389413466,-0.211230751714736,-0.137721260715552,-0.0820334530298143,-0.176577918842483,-0.158419454052463,0.352660304125482,1.03429808844702,0.131913913701917,0.0406223607394781,-0.167171810308443,-0.123441726108692,0.12466320661797,0.158872280368141,-0.247115808577751,-0.455310155262547,0.0662811471196161,-0.136916947306785,-0.297953963000781,-0.278060083072642,0.134972681936238,-0.386273914699313,-0.429370057296095,-0.337880397582725,0.0575248287286184,0.272692533046064,-0.0273322169636954,-0.469538182114166,-0.345856175375071,-0.375774256900152,0.247592407703539,-0.202197083872434,-0.0492586721563566,0.000941578528687722,-0.0882223079287903,0.277768028004827,0.269380188170556,0.0478175979331688,0.395031376013869,-0.123338710598209,0.000779130992927131,-0.392129950256729,0.107673571658422,0.214884983125401,0.293034134231303,-0.0267933666011714,0.379872247432892,0.00854887776430617,0.0106963549443611,0.382633855540823,0.133970261776547
Y353,0.990524420762064,-0.95126248193967,0.265711251143374,-0.0519014162137313,0.604588697145054,-0.0458393496353468,0.00471353106634814,-0.0849060009182621,1.46567157645676,-0.0217574929925931,0.221565142766675,-0.65844881766367,0.582658279817371,-0.0638393290246264,0.27633769726313,-0.0775483161888144,0.0872487656377905,-0.242266155315046,0.565482424511949,-0.117557955606143,-0.0936464707691873,-0.352944434923259,-0.491896510023852,0.362870726068288,-0.227174383029383,0.0240210150117486,0.273797968716237,-0.159164335435951,-0.398152395484924,0.102982403796456,0.274261538513408,0.322655055629994,-0.410799530464145,-0.532579712394336,-0.263154531132848,-0.264410527933728,0.148745063260721,-0.190469164217524,0.122622707083416,-0.218719186899795,0.0621367538902121,-0.0925053758838447,-0.352825570872703,0.0922093586810162,-0.237424426322376,-0.797694090755635,-0.0832577527505464,-0.0465089504534827,0.102023567121968,-0.407055312871611,0.0964211082057364,0.217266226271551,-0.124769041339907,-0.0495597944177679,0.0821455357338965,0.125162435630308,0.547997522675085,-0.0476143861236587,-0.162139898834882,-0.0190315440998296,-0.0111151983327645,0.673351550392006,0.0183591240702386,0.48675876382835,-0.130458667226547,0.327385844842144,0.0554328214388226,0.203668178887881,0.445445581989918,0.120661450249232,0.733346198842918,-0.152095886562855,0.00995939783091091,-0.427915953744287,0.117666076175209,-0.269913933474498,0.079114502444705,0.338539254919369,-0.0367779468479201,-0.345043937696263,-0.053779468212524,0.417682901914926,0.360980787664439,-0.28562776095807,0.0742846598570898,-0.316286761731622,0.134437793708733,-0.0449676799312657,-0.0428281270212483,-0.388694779195647,-0.316869195579349,-0.337626820941533,-0.147662257477096,-0.129444360661797,-0.267699099999128,-0.630341431842064,0.388351216372592,-0.0667079147780584,0.276884471895689,0.0300196874298353,-0.175242679341232,-0.293417318404544,-0.386697863146297,0.281888648424118
Y354,0.229560731234114,-0.268360776547222,0.0581468839265317,0.179792353266092,-0.113520540022239,0.324719327974661,0.115261060218948,-0.122288744818294,-0.0217574929925931,1.39585083315984,0.00823190696282129,0.0726641466345022,0.0244291149186603,0.0603062475116407,-0.136021504792592,0.110878938888429,-0.167702736400929,0.413027393268131,0.0431026572610914,0.215091014146366,-0.0243051458095219,-0.242396905770657,-0.0133775774283561,0.159014917228807,0.0416049702240797,0.129211737619266,-0.218089207431844,-0.371261385114022,-0.176760177053334,0.103097305711994,0.204737955342892,0.117150998622798,0.0986240552760504,-0.225066527199514,-0.220597238898588,0.10532402559242,0.108477885067186,0.179677451350553,0.0976018244412646,-0.302252879495911,-0.24555868951546,0.0468864962038073,-0.196951217107873,0.0713090964581587,-0.0967963681089359,-0.144460852382107,-0.238078178600435,-0.260254248299266,-0.262124376028025,-0.412709279543086,0.027721649119075,0.124667168752987,-0.00474408522293357,-0.177596187542253,0.0291044342405501,0.31276556662369,-0.104181787783514,-0.0355496849921699,0.0468904583388264,0.154973539509887,-0.266066700371485,-0.302708525023046,0.080283332275177,0.0158867518186628,0.0526117813056145,-0.0928025360102347,0.11818115372762,-0.163776260597543,0.356555082848717,0.205249070760285,0.129378147290045,0.417076695257089,0.0714715439939189,0.0308240008386011,-0.131928619318429,-0.0917882294454867,0.218918436574285,-0.272433851346294,0.0651162794241618,-0.0457719933400328,0.205522458076562,0.192811928937051,-0.131318450525572,-0.465583971365653,-0.244124396638745,-0.145166112415409,0.043074922315961,0.0853588272339405,0.026101135896487,-0.191202159195957,0.0100109055861512,0.0337559807523291,0.0288151983841953,0.0045907048807743,-0.234207172687312,-0.0727065871961435,-0.0223597375154117,-0.256965676233873,0.0112193567668097,0.131913913701919,0.0898281155348661,-0.0151605381867055,-0.0124306271589231,-0.0731939298034244
Y355,0.441978713848691,-0.489432062042305,0.154775432758961,-0.105972672811899,0.100133628718119,0.139085378085496,0.0408838616507018,-0.0796403234786076,0.221565142766675,0.00823190696282129,0.905084941222011,-0.0907184529904772,0.234374725281653,-0.0783526295975793,0.127904233063145,-0.190132382740946,-0.168732891505752,-0.218045623946643,0.0890475749362125,0.0990955493432575,0.185228402511544,-0.0753057477683126,-0.16728275008896,0.027361094832387,-0.0982900930109287,0.20441306027137,0.101464906084352,-0.0657173810234194,-0.387529911500197,0.00935319117307153,-0.152313803988874,0.0629648401090889,0.023010670582018,0.14640740359978,-0.236049565470938,0.00745929063420494,0.168020850125977,0.191009157503611,-0.178685774672355,-0.105905316516584,0.0142464279209824,0.00217776465447538,0.214080669716635,0.00187664239306532,-0.243284424014814,-0.241913525298395,0.0472747854356268,-0.204007779575913,-0.10080208661269,-0.238201004786015,0.0716062565845498,0.0222697513335489,-0.128980790864626,-0.0871485693387612,0.0931800817605614,0.0179351756232536,0.097522581740894,-0.0526502597322375,-0.35507606356324,-0.0656856839432705,-0.141417932687859,0.071649840069754,-0.0184055267668987,0.603281192588931,-0.0361875887301567,0.149695975665177,-0.0192415372558128,0.105094221761345,0.0897449106994776,-0.138616703229744,-0.0228787772028431,0.0460148264997254,0.207658048851561,-0.186538726279118,0.124992063824511,-0.12866778219816,0.0959179170583799,0.174035371084137,-0.204166264976655,-0.390873953455853,0.0462604788708771,-0.0270231704322475,0.0102248608771527,0.131287896368987,0.00620329383332321,-0.0613114868827898,0.162366883454503,0.0868010443806938,-0.120798982051318,-0.120121456963145,-0.0561250521435039,-0.0612243199123811,0.137393546432576,0.0855608961198866,-0.099256853955456,-0.155737088644903,0.0829221141975317,-0.112125868495711,0.186139693565813,-0.105227791428412,-0.176157932530517,0.0897092514843135,-0.130898464213603,0.154882410404462
Y356,-0.337080046308979,0.331958148653553,0.20025281850189,0.175616262956537,-0.240491118826734,0.116572526910087,0.189376757875968,0.0478374086082601,-0.65844881766367,0.0726641466345022,-0.0907184529904772,1.09740697502249,-0.242642558141806,-0.243851009322467,-0.204479273643121,-0.14218262474644,-0.15992902749453,0.214770081209863,-0.382612901942169,0.0176578261719549,-0.23451225708374,0.116453662859531,0.212376951658656,-0.484269400113138,0.301560648791228,-0.175769643298699,-0.148918254277976,0.10420274138217,0.179618019325277,0.1924592989204,-0.227982658573169,-0.177528831246934,0.0437643338091889,0.247925227045098,-0.032340355627144,0.317480507295766,0.115839531931656,-0.125303929567411,0.0823000589996197,0.10398482395615,0.0531308209930449,0.160972211927973,0.0782507570106615,-0.0898626318264707,0.102174128252672,0.330591212072152,-0.159429798482192,-0.109907072885323,-0.0961188430207623,-0.0369641671937927,0.0606311425831625,-0.197208755884081,0.147663400400659,-0.0882341943338471,0.0809687816333858,0.062588437282327,-0.163986253753528,-0.0788716692850093,0.00727703242335053,0.114535989510554,-0.0621514595067232,-0.405779505395639,0.013473811592365,-0.22975769506148,0.610488316187674,-0.244908899372419,-0.195865592112792,-0.20297762447109,-0.116547611176413,-0.206044316975452,-0.509785549632608,0.0222657891985303,-0.184886515976386,0.275121321812434,-0.250245895242408,0.251816043633316,-0.157349677597454,-0.131152040854793,0.134699294619961,0.273932681306868,0.389658720928717,-0.397316384996013,-0.26240964974936,0.0403727462333095,-0.0117768748808621,0.363262977435128,-0.0179657297798385,-0.191190272790899,0.218066577545296,0.173005215979313,0.28191638336925,0.25374164125233,0.0378250934163816,-0.0708721186825551,-0.0459502894158675,0.241229218863746,-0.158807743284282,-0.018437223847047,-0.0836103827671964,0.0288429333293252,0.341954615305358,0.0783220754409947,0.00852906708921331,-0.233953596046125
Y357,0.762689770790309,-0.784341695743112,0.294179191251666,-0.248831413040786,0.535809995358022,0.231102001756331,0.214488769623545,0.180085551257463,0.582658279817371,0.0244291149186603,0.234374725281653,-0.242642558141806,1.76943261978901,-0.110778742589403,-0.284031020545595,-0.201131269552446,0.0518470892470337,-0.0642196939864063,0.0862899289633002,-0.23331173017312,0.236038821989445,-0.331069487485836,-0.324975723827303,0.00152797451143399,0.104571219938897,-0.270979747794486,0.543734265395123,0.0679175088822778,-0.445915933133564,-0.0354347830766303,0.30891040925064,0.317333908300078,-0.0110636905775228,-0.192180806545538,-0.36984294077738,0.244933815106093,0.5196365602123,0.00282359266249903,-0.34049936882999,-0.135446995214903,-0.321045285888901,-0.438601831889321,-0.0655826684327883,-0.273254013295135,0.0395169250693016,-0.489436024177329,-0.129785104273393,0.0742608870469785,0.118129645972378,-0.374054690302101,-0.0724886697701242,0.031461904576587,0.0479206134436498,0.145381210629973,0.192613822186123,-0.0874259187900621,0.626737031898755,-0.179026518283948,-0.325692870265663,0.239779077446958,0.182589620589188,-0.0028066011988608,-0.000148008601414258,0.136541687403585,-0.237147076871077,1.25373697431446,0.36410295005906,-0.245443787599924,0.115419545619687,0.134707218889997,0.0802635216000829,-0.0688236948779631,0.319041588493077,-0.41263399897773,-0.265928025645833,-0.153676778435257,-0.0671318632250428,0.62248566102385,-0.072591685280605,-0.525903514888075,-0.238759665823627,0.126390697486058,0.227508345294502,-0.148375441780438,-0.0229263228230646,0.0171070894043771,0.250262886706043,-0.0811934804058811,-0.113255076975999,-0.352809722332626,-0.644422859697998,-0.632215521705839,-0.0928223466853278,-0.295469704344152,-0.164647930301626,-0.409852580194705,0.263944138925102,-0.161034463164709,0.253020532678956,-0.218418064638385,0.0646130882768068,-0.34653766259826,0.00809323223717029,0.107622063903181
Y359,-0.21180922342744,0.214112366796778,-0.614389876257379,-0.209657784112369,-0.0991498763099543,-0.0156954264142085,-0.0393137132597937,0.160334308189986,-0.0638393290246264,0.0603062475116407,-0.0783526295975793,-0.243851009322467,-0.110778742589403,1.36896378492396,0.13259143879009,0.14132002223596,-0.0733920365543519,-0.0250460650579917,0.181916057636035,-0.0935949630139443,0.174669312687103,-0.277885749131821,-0.0538111652926725,0.149073920467264,-0.185080660592293,-0.00723230601458281,0.100383243224285,0.0518748241921641,0.459000045888379,-0.491971790589192,-0.224270138060788,0.00419449137891745,0.384955666661693,0.0608530221441999,0.175754937682186,-0.164628119626532,-0.375746521955019,0.0110925684462145,0.138344458837027,0.027345246292313,-0.06224258861215,-0.0005521463733052,-0.0746202984101035,0.0836194499607968,-0.01443546747831,0.238293276814999,0.222967738563244,-0.250416267048206,0.195625044800222,-0.158518507427926,0.0841226411081531,0.30757120761437,-0.687994458497002,-0.166934082207329,-0.252797510194356,-0.240273201400717,-0.124836397635223,-0.0117015943155099,0.472911101938515,-0.152476251524634,0.245662847949503,0.2547599099521,0.0299602554045569,0.00388544484747031,-0.103611240340844,-0.30135743698172,0.942665791872978,0.177359602364701,-0.1334381927605,0.309449259613163,0.0242508188428242,0.0144405725368898,0.0553496166034323,-0.029388565038322,0.456444468801417,0.0103516491977467,-0.0860589822086626,-0.131560140761704,-0.206484113962509,0.289595001035201,-0.402320561524436,0.0440060240453211,-0.074093334452637,-0.247654658940274,-0.319995320108987,-0.176122273315349,-0.366566255117037,0.297519271072304,-0.0790261925507327,0.103782755070205,-0.076573630974249,0.173805567253061,0.108291664721317,-0.0346066968577547,0.0389384533565941,0.148519221564666,0.163840797681406,-0.094252677427025,-0.169315325353478,0.22828492375814,-0.640809392561075,-0.215062136277672,-0.204090984411304,0.226323666923957
Y360,0.562269133011905,-0.584238028766206,0.168341783062479,0.00648856755465729,0.282645416212663,0.0426311631938838,-0.186194020532507,-0.368115449909291,0.27633769726313,-0.136021504792592,0.127904233063145,-0.204479273643121,-0.284031020545595,0.13259143879009,1.52517492016536,0.0286408644433796,0.115146158303409,-0.0841571573997563,0.38528848600325,0.063626516657187,0.0422111768819178,0.0478691056884096,-0.303706983047719,-0.00316319335053135,0.0380707457875327,0.164823407166005,-0.102537501750816,0.0941309941650149,0.146058735718146,-0.142317337337071,-0.194375829345816,0.251657558232575,-0.0215237270264981,-0.196871974407503,-0.133065752068755,-0.173879704894849,-0.125811082849786,0.0343938844903161,0.161645774881126,-0.27488245078776,-0.00721249533949076,0.0276939141739457,0.108561089902577,0.0175033029062311,-0.0620088226460552,-0.353201973699464,-0.0846167650619088,-0.219285772207448,0.0598704126596009,-0.232875895321079,-0.115501607531517,-0.0185560878976039,-0.377073837186234,-0.255301579526079,0.434335755397898,-0.0731622327232774,0.103259753247756,0.0989568746176087,-0.0221616307644856,-0.287406759581399,-0.224274100195805,0.235618835677479,-0.0559348696626161,0.222092106724146,-0.0588826981164174,-0.30896077408232,0.0886870206495229,1.19620281171007,0.240527920965464,-0.00678854689250593,0.417995910581394,-0.036841341008218,0.00901244756147617,-0.125585241153729,0.354066862057069,0.0233514141936142,0.133795927835731,-0.242178988344638,-0.21944425760819,0.161669547691237,-0.0139322763309543,0.106865296114637,0.198917579000639,-0.220644784518812,0.0407848082752386,-0.243886668537632,-0.248490669429189,0.17000587977027,-0.0796244749385338,-0.199681128135656,-0.113433373051832,0.0293976322319229,0.0158035469832733,-0.111436457002484,0.156189914960582,-0.360975682605861,0.0684682456498575,-0.232891743861154,0.294068251471148,-0.162948174378669,-0.418070048223185,-0.157147608711509,-0.323775196916681,0.0819157319028202
Y361,-0.167829524721524,0.16579016811053,-0.329765945064731,-0.315668668668728,-0.0176725317884665,-0.0384697785008402,-0.0550830106336276,-0.254311045771443,-0.0775483161888144,0.110878938888429,-0.190132382740946,-0.14218262474644,-0.201131269552446,0.14132002223596,0.0286408644433796,1.59290365617247,0.160548263480988,0.0387126116605363,-0.282176741356912,-0.165404698090168,0.284578938101713,0.232136118996172,-0.246355078654189,0.189345060795818,-0.0422060718233358,0.0177925387625866,-0.235146198686712,-0.0508395640287595,0.24420478226268,0.044834110264198,0.106504741827949,-0.110469696057956,0.486624051237728,-0.0818313841438656,0.766128903986411,-0.411152160480794,-0.519255052326944,0.0307606066783042,-0.109003706101092,-0.505149851660904,-0.396123782355428,-0.122221388522979,0.257802829646349,-0.120050138532812,-0.18060741015635,-0.000401585242601858,0.134675521809848,-0.33376373929845,0.132468612604517,-0.0387193930070111,0.461460531734902,0.440968369418954,-0.392244852172267,-0.114713142662825,-0.187802647350039,-0.334746348783052,-0.112173414115933,0.19916323137179,0.0141751094906488,-0.0367977575230134,-0.0766806086197503,0.0618039345486534,-0.0447339139651724,0.014488118157115,-0.192727581178098,-0.0130249474117062,0.0393148561833564,0.0565144842988877,0.793178399758055,0.210031367727675,-0.0735188248749486,-0.418335511269426,0.150012946466661,0.0265409328835468,0.170774533963869,-0.0919506769812467,-0.0198279332385578,-0.153098306722549,0.0274561860728322,0.1436140984117,-0.0707215575518502,-0.176146046125461,0.0840275498677076,0.11361281205123,0.403062623696472,-0.359600821754423,-0.333712231543209,0.236011087044316,-0.249730817689998,-0.357837671671168,-0.204423803752861,0.264760338738923,0.135788881750061,-0.113009424604847,0.018224411479608,0.0157243042829008,-0.142844301294536,0.116200086218344,0.0592681681367812,0.524446592124812,-0.362366391997373,0.584227285284713,-0.123437763973674,-0.0346225453978295
Y362,0.259451077814064,-0.255777035728304,0.0204590556300716,-0.388631385035349,0.00372695944672927,-0.259362767920095,0.0417238342746355,-0.0108101139363348,0.0872487656377905,-0.167702736400929,-0.168732891505752,-0.15992902749453,0.0518470892470337,-0.0733920365543519,0.115146158303409,0.160548263480988,1.24094720247457,-0.0779286811505945,-0.0489773605700404,0.0385382777197207,-0.293983903712198,0.177304132474441,-0.320141919104669,-0.160935409789245,0.125887506338702,0.184649930798838,-0.000298569732119772,0.0673945070598287,0.146930405422228,0.0415098789836331,0.238748922342133,0.134679483944868,0.0901926319565736,-0.310965614401707,0.0775454969773576,0.0144801938870762,-0.13441684011008,-0.0224231316757099,0.0178836678680128,-0.0197685012132804,-0.055376208625,-0.0826911674428918,-0.139864775760587,0.0146664142329494,0.102863539745899,-0.358511234624322,-0.184288233588584,-0.0535892857316332,-0.0163135194771032,0.280188892501158,-0.211876579722758,0.0375318954250081,0.100553615030083,-0.265967646996018,0.335076348913152,-0.261839102306686,-0.0264922443397613,-0.016372951502381,-0.0748580265112171,0.0806121894817158,-0.108437120793439,0.00532369985920575,-0.0295153533589166,0.0849229923819004,0.138954627629884,0.246546404058643,-0.0216980609673156,0.0960447053789731,0.344415101151878,0.646789397227642,0.233851723459205,-0.106844342515981,-0.220458564172942,-0.501750339814988,-0.400371191095318,0.0221627736880467,0.515824986324446,-0.0760704398268935,0.181951716851202,0.0652945754999972,0.186377421666922,0.0854856155545351,0.00859246124951038,-0.135712458261145,0.147144360713229,-0.170080017412059,-0.266161791611929,0.123078352610549,-0.274070213108957,-0.264739385140267,-0.185084622727313,0.01996775088777,-0.240863559518481,-0.0994391121663084,0.222991511373355,-0.386475983585258,-0.0534545731410034,0.452414977487547,-0.0977552047834254,0.158507763946435,-0.0652973947114547,0.0588204468796839,-0.0183896782268247,0.0110886063111973
Y363,-0.222938860694555,0.226058203877716,-0.0366828556074746,0.231656700658927,0.0191079675887448,0.431387926944097,0.0624616489617338,0.0367117334761689,-0.242266155315046,0.413027393268131,-0.218045623946643,0.214770081209863,-0.0642196939864063,-0.0250460650579917,-0.0841571573997563,0.0387126116605363,-0.0779286811505945,1.39367958316967,0.114745982666535,-0.18136814007991,-0.352774063117455,-0.0702104421344567,0.273362133864199,0.0588283711497226,-0.0136668132847109,-0.181950573927638,-0.189300334387051,-0.0437275316704599,0.23648258111152,-0.179220662899857,0.0291440555907349,0.12245233527762,-0.151965136107247,-0.0623574905276861,0.0294689506622551,-0.10364689955601,-0.201448240353928,-0.271585954452326,0.545045732086268,-0.104518569260091,-0.379946385074687,0.0810321757936815,-0.0247647534716739,-0.27652673682046,0.32015494843329,0.174007636139007,-0.451169724168163,0.110546119546872,0.00442429520999405,-0.0963011012316159,-0.0860629443436804,-0.121801402211013,-0.151081579998105,0.162299527159188,0.333150751294136,0.220820261383189,0.0675926138107572,0.199270209017286,0.340223162302253,0.0964052596656619,-0.0197090691880008,-0.158130218196108,0.0163582458858693,-0.342662694550119,-0.0298560969705118,0.00892131845604989,-0.0083773630349456,-0.0336201252381354,0.0177846144925486,-0.00413391643007663,0.0926491556680748,-0.275655067116375,-0.395038157360344,0.41068973360719,-0.172778231359694,-0.0312705791721344,0.0120078216355009,-0.39940443015079,0.313534220817288,0.461420910384721,-0.219368977042839,-0.147194725544907,-0.0955245227679804,0.0609758483297762,-0.0851239183442839,-0.143573334137951,-0.359153100497327,-0.347361786682113,0.529585481243874,0.0217784465912489,-0.107482246253969,0.00856472630437966,-0.0553009280596463,-0.325938522636812,0.0694270823243472,0.0731079057565791,0.0245598653742712,-0.148648829096718,-0.0209769523939373,0.0741697579415525,-0.108429196523401,-0.0947439821693241,0.178298628364098,-0.164727173001995
Y364,0.570387547664916,-0.586833227203355,0.180168756092854,0.164597565469947,0.332794159142465,-0.0160044729456565,-0.103492376290287,-0.369062400178726,0.565482424511949,0.0431026572610914,0.0890475749362125,-0.382612901942169,0.0862899289633002,0.181916057636035,0.38528848600325,-0.282176741356912,-0.0489773605700404,0.114745982666535,1.34320990730337,-0.186205906937563,-0.112022852985227,-0.610316801458309,-0.211939973883054,0.320594745420347,-0.187037955291457,0.256590416330671,0.185371039372211,-0.233169093312452,-0.097592757247665,-0.12678180592933,-0.102608820181148,0.319112906923408,-0.333165456910652,-0.246854307666528,-0.157088176686231,-0.380033552045094,0.145614976596067,0.0676480837010169,0.349011177773396,-0.0290042379415231,0.139770827443706,-0.230379750259393,-0.111190804631332,0.211873760511302,-0.0905639297247539,-0.469526295709108,0.0471202621699031,-0.0900211172272122,-0.0383231795051555,-0.223109232500352,-0.15971507220353,-0.213584259915754,-0.21608040497744,-0.274379259640404,0.214995922905915,0.179308972793828,0.234172656395705,-0.0334378670272814,0.117816637305914,-0.137539002504697,-0.31793500989934,0.264752414468886,-0.00166550631351937,0.204662674777539,-0.0573572761342756,-0.0564895685652129,0.205589814371877,0.371543839623897,0.074756153924298,-0.0596553144450356,0.842296987583041,-0.00688363813295117,-0.0652815461713787,-0.231195950073214,0.401331170693365,-0.0163293680171788,0.197954780191131,0.0832271985939601,-0.163938708133304,-0.0395395549558504,0.0024273791606445,0.292170388797258,0.268021175859186,-0.215410804159305,-0.0635897145184572,-0.373396975889019,0.0460108643647078,0.164526247039614,0.213640872729573,-0.0568184257717528,-0.165888078562432,-0.40957126860839,0.0919121985546245,-0.0340916193053431,0.203454223596879,-0.405601209319806,0.264899013464572,-0.0830239867844514,0.0718439846856627,-0.372398517864341,-0.393057089851073,-0.250396456373114,-0.393536508188318,0.212828635050769
Y365,0.203398753706619,-0.193979615843961,-0.0211710970098472,0.0254790806985753,-0.111250236656611,0.122606858543341,-0.236429930432719,-0.148862784387716,-0.117557955606143,0.215091014146366,0.0990955493432575,0.0176578261719549,-0.23331173017312,-0.0935949630139443,0.063626516657187,-0.165404698090168,0.0385382777197207,-0.18136814007991,-0.186205906937563,0.810318595848308,0.145674408621349,0.166578632979224,0.0593553351071881,-0.143640690433267,0.0615939413926698,0.174336493345546,-0.254552736007573,-0.101562816536251,-0.0961980857211338,0.166352791283167,-0.017977616184895,-0.00831793100966763,0.0918289937192352,0.0388631727912417,-0.294146351247956,0.165695076870087,0.0707781703656733,0.228098703412268,-0.046409897078019,0.0276067472035383,0.201738619133848,0.229639973934485,-0.136168103788279,0.259831442775844,-0.0702144042694735,-0.0202201846053944,0.0452184373609981,0.0213941194944487,-0.14447670092218,-0.138478028504095,-0.281114889171942,-0.00533444334069825,0.17388877208845,-0.108159771342139,0.0651638250443845,0.0834570024250365,-0.141057378401171,-0.0534704216810775,-0.0897041464257286,-0.121722159510641,-0.188801105374713,-0.178055795204403,0.00220153746458659,0.03257922665182,0.0763093108515698,-0.299447687902779,-0.122253085603127,-0.0869227276427055,-0.0552969659246288,0.0814283892955377,-0.118473208795429,0.585408001520246,0.184586536638541,-0.0847554397875573,-0.0855676774663607,0.072422456398371,0.158143247524727,-0.181158146923929,-0.0739506975919685,-0.0599841716515752,0.273310626108958,0.16500170324184,-0.057349351864239,-0.218960877135925,-0.166446739600047,0.106401726317467,0.0923202984615352,0.0876291305995704,-0.0837094361426604,-0.0372930244003306,0.247156572851499,0.222690389111945,0.0912465598715085,0.238027813768756,-0.0563984394597867,0.0181570551842922,-0.115275765835458,-0.280243219467861,-0.170702072609971,-0.147254157570186,0.167505772573564,-0.0475034463431385,0.00879453013545547,-0.106360962043718
